L1

3.4,2.1
12.6,2.1 

end        

L2          

12.6,2.1
12.6,5.2

end

L3          

3.4,5.2
12.6,5.2

end

L4
3.4,2.1
3.4,5.2
3.1,10
2.5,12
1.5,13.5          

end

L5
6,6.5
5.8,9.5
12.3,9.5
end
L6
12.3,6.2
12.3,9.5
end
L7
5,10.2
4.8,13.6
12.5,13.6
end
L8
12.5,10.1
12.5,14
end
L9
9,6
9,13.6
end
L1
19,2
20,3
21,4
end
L2
18.5,5
19,6
20,7
end
L3
19,13
20,11
21,9
end
L4
24,2
25,4
end
L5
28,2
26.5,4
end
L6
22,4.5
29.5,4.5
end
L7
23,7.5
29,7.5
end
L8
22,10
30,10
end
L9
26,4.5
26,14
end



         

